   2.9582445873710805e-09
   1.5184831979848845e-07
   3.5891632734843740e-06
   4.5515007183758234e-05
   3.5032965629478975e-04
   1.8113274911830124e-03
   6.8596874638289524e-03
   2.0533873696987441e-02
   5.1795652132476826e-02
   1.1518050339551245e-01
   2.3162902905145522e-01
   4.2462837445245061e-01
   7.0882648849627139e-01
   1.0765295634644765e+00
   1.4922949622476587e+00
   1.8947275730721198e+00
   2.2158820246035376e+00
   2.4093595395075069e+00
   2.4709076309827918e+00
   2.4235271400394875e+00
   2.3013457452345563e+00
   2.1281749982398006e+00
   1.9291649724225892e+00
   1.7180383715385379e+00
   1.5164465397731814e+00
   1.3773310855214340e+00
   1.3882740221636212e+00
   1.4387456052889693e+00
   1.4426766793079018e+00
   1.3862916311172693e+00
   1.3175107730432334e+00
   1.1584271955899390e+00
   8.8555316140017093e-01
   6.9991938623768113e-01
   5.0756496539381646e-01
   3.0200878135654213e-01
   1.7159507425546472e-01
   9.4635837338719095e-02
   5.7705667596494106e-02
   4.2136611432842253e-02
   3.7273426031370849e-02
   3.0327038922595115e-02
   2.0009037941929184e-02
   1.2412482678154185e-02
   6.8979187027436335e-03
   0.0000000000000000e+00
   0.0000000000000000e+00
   0.0000000000000000e+00
   0.0000000000000000e+00
   0.0000000000000000e+00
   0.0000000000000000e+00
   0.0000000000000000e+00
   0.0000000000000000e+00
   0.0000000000000000e+00
   0.0000000000000000e+00
   0.0000000000000000e+00
   0.0000000000000000e+00
   0.0000000000000000e+00
   0.0000000000000000e+00
   4.6246492880928604e-04
   1.2015188381174749e-03
   1.8034424736236858e-03
   3.0225778257192909e-03
   6.4038447591909390e-03
