0.200000000000000
0.400000000000000
0.600000000000000
0.800000000000000
1
1.20000000000000
1.40000000000000
1.60000000000000
1.80000000000000
2
2.20000000000000
2.40000000000000
2.60000000000000
2.80000000000000
3
3.20000000000000
3.40000000000000
3.60000000000000
3.80000000000000
4
4.20000000000000
4.40000000000000
4.60000000000000
4.80000000000000
5
5.20000000000000
5.40000000000000
5.60000000000000
5.80000000000000
6
6.20000000000000
6.40000000000000
6.60000000000000
6.80000000000000
7
7.20000000000000
7.40000000000000
7.60000000000000
7.80000000000000
8
8.20000000000000
8.40000000000000
8.60000000000000
8.80000000000000
9
9.20000000000000
9.40000000000000
9.60000000000000
9.80000000000000
10
10.2000000000000
10.4000000000000
10.6000000000000
10.8000000000000
11
11.2000000000000
11.4000000000000
11.6000000000000
11.8000000000000
12
12.2000000000000
12.4000000000000
12.6000000000000
12.8000000000000
13
13.2000000000000
13.4000000000000
13.6000000000000
13.8000000000000
14
14.2000000000000
14.4000000000000
14.6000000000000
14.8000000000000
15
15.2000000000000
15.4000000000000
15.6000000000000
15.8000000000000
16
16.2000000000000
16.4000000000000
16.6000000000000
16.8000000000000
17
17.2000000000000
17.4000000000000
17.6000000000000
17.8000000000000
18
18.2000000000000
18.4000000000000
18.6000000000000
18.8000000000000
19
19.2000000000000
19.4000000000000
19.6000000000000
19.8000000000000
20
20.2000000000000
20.4000000000000
20.6000000000000
20.8000000000000
21
21.2000000000000
21.4000000000000
21.6000000000000
21.8000000000000
22
22.2000000000000
22.4000000000000
22.6000000000000
22.8000000000000
23
23.2000000000000
23.4000000000000
23.6000000000000
23.8000000000000
24
24.2000000000000
24.4000000000000
24.6000000000000
24.8000000000000
25
25.2000000000000
25.4000000000000
25.6000000000000
25.8000000000000
26
26.2000000000000
26.4000000000000
26.6000000000000
26.8000000000000
27
27.2000000000000
27.4000000000000
27.6000000000000
27.8000000000000
28
28.2000000000000
28.4000000000000
28.6000000000000
28.8000000000000
29
29.2000000000000
29.4000000000000
29.6000000000000
29.8000000000000
30
30.2000000000000
30.4000000000000
30.6000000000000
30.8000000000000
31
31.2000000000000
31.4000000000000
31.6000000000000
31.8000000000000
32
32.2000000000000
32.4000000000000
32.6000000000000
32.8000000000000
33
33.2000000000000
33.4000000000000
33.6000000000000
33.8000000000000
34
34.2000000000000
34.4000000000000
34.6000000000000
34.8000000000000
35
35.2000000000000
35.4000000000000
35.6000000000000
35.8000000000000
36
36.2000000000000
36.4000000000000
36.6000000000000
36.8000000000000
37
37.2000000000000
37.4000000000000
37.6000000000000
37.8000000000000
38
38.2000000000000
38.4000000000000
38.6000000000000
38.8000000000000
39
39.2000000000000
39.4000000000000
39.6000000000000
39.8000000000000
40
40.2000000000000
40.4000000000000
40.6000000000000
40.8000000000000
41
41.2000000000000
41.4000000000000
41.6000000000000
41.8000000000000
42
42.2000000000000
42.4000000000000
42.6000000000000
42.8000000000000
43
43.2000000000000
43.4000000000000
43.6000000000000
43.8000000000000
44
44.2000000000000
44.4000000000000
44.6000000000000
44.8000000000000
45
45.2000000000000
45.4000000000000
45.6000000000000
45.8000000000000
46
46.2000000000000
46.4000000000000
46.6000000000000
46.8000000000000
47
47.2000000000000
47.4000000000000
47.6000000000000
47.8000000000000
48
48.2000000000000
48.4000000000000
48.6000000000000
48.8000000000000
49
49.2000000000000
49.4000000000000
49.6000000000000
49.8000000000000
50
50.2000000000000
50.4000000000000
50.6000000000000
50.8000000000000
51
51.2000000000000
51.4000000000000
51.6000000000000
51.8000000000000
52
52.2000000000000
52.4000000000000
52.6000000000000
52.8000000000000
53
53.2000000000000
53.4000000000000
53.6000000000000
53.8000000000000
54
54.2000000000000
54.4000000000000
54.6000000000000
54.8000000000000
55
55.2000000000000
55.4000000000000
55.6000000000000
55.8000000000000
56
56.2000000000000
56.4000000000000
56.6000000000000
56.8000000000000
57
57.2000000000000
57.4000000000000
57.6000000000000
57.8000000000000
58
58.2000000000000
58.4000000000000
58.6000000000000
58.8000000000000
59
59.2000000000000
59.4000000000000
59.6000000000000
59.8000000000000
60
60.2000000000000
60.4000000000000
60.6000000000000
60.8000000000000
61
61.2000000000000
61.4000000000000
61.6000000000000
61.8000000000000
62
62.2000000000000
62.4000000000000
62.6000000000000
62.8000000000000
63
63.2000000000000
63.4000000000000
63.6000000000000
63.8000000000000
64
64.2000000000000
64.4000000000000
64.6000000000000
64.8000000000000
65
65.2000000000000
65.4000000000000
65.6000000000000
65.8000000000000
66
66.2000000000000
66.4000000000000
66.6000000000000
66.8000000000000
67
67.2000000000000
67.4000000000000
67.6000000000000
67.8000000000000
68
68.2000000000000
68.4000000000000
68.6000000000000
68.8000000000000
69
69.2000000000000
69.4000000000000
69.6000000000000
69.8000000000000
70
70.2000000000000
70.4000000000000
70.6000000000000
70.8000000000000
71
71.2000000000000
71.4000000000000
71.6000000000000
71.8000000000000
72
72.2000000000000
72.4000000000000
72.6000000000000
72.8000000000000
73
73.2000000000000
73.4000000000000
73.6000000000000
73.8000000000000
74
74.2000000000000
74.4000000000000
74.6000000000000
74.8000000000000
75
75.2000000000000
75.4000000000000
75.6000000000000
75.8000000000000
76
76.2000000000000
76.4000000000000
76.6000000000000
76.8000000000000
77
77.2000000000000
77.4000000000000
77.6000000000000
77.8000000000000
78
78.2000000000000
78.4000000000000
78.6000000000000
78.8000000000000
79
79.2000000000000
79.4000000000000
79.6000000000000
79.8000000000000
80
80.2000000000000
80.4000000000000
80.6000000000000
80.8000000000000
81
81.2000000000000
81.4000000000000
81.6000000000000
81.8000000000000
82
82.2000000000000
82.4000000000000
82.6000000000000
82.8000000000000
83
83.2000000000000
83.4000000000000
83.6000000000000
83.8000000000000
84
84.2000000000000
84.4000000000000
84.6000000000000
84.8000000000000
85
85.2000000000000
85.4000000000000
85.6000000000000
85.8000000000000
86
86.2000000000000
86.4000000000000
86.6000000000000
86.8000000000000
87
87.2000000000000
87.4000000000000
87.6000000000000
87.8000000000000
88
88.2000000000000
88.4000000000000
88.6000000000000
88.8000000000000
89
89.2000000000000
89.4000000000000
89.6000000000000
89.8000000000000
90
90.2000000000000
90.4000000000000
90.6000000000000
90.8000000000000
91
91.2000000000000
91.4000000000000
91.6000000000000
91.8000000000000
92
92.2000000000000
92.4000000000000
92.6000000000000
92.8000000000000
93
93.2000000000000
93.4000000000000
93.6000000000000
93.8000000000000
94
94.2000000000000
94.4000000000000
94.6000000000000
94.8000000000000
95
95.2000000000000
95.4000000000000
95.6000000000000
95.8000000000000
96
96.2000000000000
96.4000000000000
96.6000000000000
96.8000000000000
97
97.2000000000000
97.4000000000000
97.6000000000000
97.8000000000000
98
98.2000000000000
98.4000000000000
98.6000000000000
98.8000000000000
99
99.2000000000000
99.4000000000000
99.6000000000000
99.8000000000000
100
100.200000000000
100.400000000000
100.600000000000
100.800000000000
101
101.200000000000
101.400000000000
101.600000000000
101.800000000000
102
102.200000000000
102.400000000000
102.600000000000
102.800000000000
103
103.200000000000
103.400000000000
103.600000000000
103.800000000000
104
104.200000000000
104.400000000000
104.600000000000
104.800000000000
105
105.200000000000
105.400000000000
105.600000000000
105.800000000000
106
106.200000000000
106.400000000000
106.600000000000
106.800000000000
107
107.200000000000
107.400000000000
107.600000000000
107.800000000000
108
108.200000000000
108.400000000000
108.600000000000
108.800000000000
109
109.200000000000
109.400000000000
109.600000000000
109.800000000000
110
110.200000000000
110.400000000000
110.600000000000
110.800000000000
111
111.200000000000
111.400000000000
111.600000000000
111.800000000000
112
112.200000000000
112.400000000000
112.600000000000
112.800000000000
113
113.200000000000
113.400000000000
113.600000000000
113.800000000000
114
114.200000000000
114.400000000000
114.600000000000
114.800000000000
115
115.200000000000
115.400000000000
115.600000000000
115.800000000000
116
116.200000000000
116.400000000000
116.600000000000
116.800000000000
117
117.200000000000
117.400000000000
117.600000000000
117.800000000000
118
118.200000000000
118.400000000000
118.600000000000
118.800000000000
119
119.200000000000
119.400000000000
119.600000000000
119.800000000000
120
120.200000000000
120.400000000000
120.600000000000
120.800000000000
121
121.200000000000
121.400000000000
121.600000000000
121.800000000000
122
122.200000000000
122.400000000000
122.600000000000
122.800000000000
123
123.200000000000
123.400000000000
123.600000000000
123.800000000000
124
124.200000000000
124.400000000000
124.600000000000
124.800000000000
125
125.200000000000
125.400000000000
125.600000000000
125.800000000000
126
126.200000000000
126.400000000000
126.600000000000
126.800000000000
127
127.200000000000
127.400000000000
127.600000000000
127.800000000000
128
128.200000000000
128.400000000000
128.600000000000
128.800000000000
129
129.200000000000
129.400000000000
129.600000000000
129.800000000000
130
130.200000000000
130.400000000000
130.600000000000
130.800000000000
131
131.200000000000
131.400000000000
131.600000000000
131.800000000000
132
132.200000000000
132.400000000000
132.600000000000
132.800000000000
133
133.200000000000
133.400000000000
133.600000000000
133.800000000000
134
134.200000000000
134.400000000000
134.600000000000
134.800000000000
135
135.200000000000
135.400000000000
135.600000000000
135.800000000000
136
136.200000000000
136.400000000000
136.600000000000
136.800000000000
137
137.200000000000
137.400000000000
137.600000000000
137.800000000000
138
138.200000000000
138.400000000000
138.600000000000
138.800000000000
139
139.200000000000
139.400000000000
139.600000000000
139.800000000000
140
140.200000000000
140.400000000000
140.600000000000
140.800000000000
141
141.200000000000
141.400000000000
141.600000000000
141.800000000000
142
142.200000000000
142.400000000000
142.600000000000
142.800000000000
143
143.200000000000
143.400000000000
143.600000000000
143.800000000000
144
144.200000000000
144.400000000000
144.600000000000
144.800000000000
145
145.200000000000
145.400000000000
145.600000000000
145.800000000000
146
146.200000000000
146.400000000000
146.600000000000
146.800000000000
147
147.200000000000
147.400000000000
147.600000000000
147.800000000000
148
148.200000000000
148.400000000000
148.600000000000
148.800000000000
149
149.200000000000
149.400000000000
149.600000000000
149.800000000000
150
150.200000000000
150.400000000000
150.600000000000
150.800000000000
151
151.200000000000
151.400000000000
151.600000000000
151.800000000000
152
152.200000000000
152.400000000000
152.600000000000
152.800000000000
153
153.200000000000
153.400000000000
153.600000000000
153.800000000000
154
154.200000000000
154.400000000000
154.600000000000
154.800000000000
155
155.200000000000
155.400000000000
155.600000000000
155.800000000000
156
156.200000000000
156.400000000000
156.600000000000
156.800000000000
157
157.200000000000
157.400000000000
157.600000000000
157.800000000000
158
158.200000000000
158.400000000000
158.600000000000
158.800000000000
159
159.200000000000
159.400000000000
159.600000000000
159.800000000000
160
160.200000000000
160.400000000000
160.600000000000
160.800000000000
161
161.200000000000
161.400000000000
161.600000000000
161.800000000000
162
162.200000000000
162.400000000000
162.600000000000
162.800000000000
163
163.200000000000
163.400000000000
163.600000000000
163.800000000000
164
164.200000000000
164.400000000000
164.600000000000
164.800000000000
165
165.200000000000
165.400000000000
165.600000000000
165.800000000000
166
166.200000000000
166.400000000000
166.600000000000
166.800000000000
167
167.200000000000
167.400000000000
167.600000000000
167.800000000000
168
168.200000000000
168.400000000000
168.600000000000
168.800000000000
169
169.200000000000
169.400000000000
169.600000000000
169.800000000000
170
170.200000000000
170.400000000000
170.600000000000
170.800000000000
171
171.200000000000
171.400000000000
171.600000000000
171.800000000000
172
172.200000000000
172.400000000000
172.600000000000
172.800000000000
173
173.200000000000
173.400000000000
173.600000000000
173.800000000000
174
174.200000000000
174.400000000000
174.600000000000
174.800000000000
175
175.200000000000
175.400000000000
175.600000000000
175.800000000000
176
176.200000000000
176.400000000000
176.600000000000
176.800000000000
177
177.200000000000
177.400000000000
177.600000000000
177.800000000000
178
178.200000000000
178.400000000000
178.600000000000
178.800000000000
179
179.200000000000
179.400000000000
179.600000000000
179.800000000000
180
180.200000000000
180.400000000000
180.600000000000
180.800000000000
181
181.200000000000
181.400000000000
181.600000000000
181.800000000000
182
182.200000000000
182.400000000000
182.600000000000
182.800000000000
183
183.200000000000
183.400000000000
183.600000000000
183.800000000000
184
184.200000000000
184.400000000000
184.600000000000
184.800000000000
185
185.200000000000
185.400000000000
185.600000000000
185.800000000000
186
186.200000000000
186.400000000000
186.600000000000
186.800000000000
187
187.200000000000
187.400000000000
187.600000000000
187.800000000000
188
188.200000000000
188.400000000000
188.600000000000
188.800000000000
189
189.200000000000
189.400000000000
189.600000000000
189.800000000000
190
190.200000000000
190.400000000000
190.600000000000
190.800000000000
191
191.200000000000
191.400000000000
191.600000000000
191.800000000000
192
192.200000000000
192.400000000000
192.600000000000
192.800000000000
193
193.200000000000
193.400000000000
193.600000000000
193.800000000000
194
194.200000000000
194.400000000000
194.600000000000
194.800000000000
195
195.200000000000
195.400000000000
195.600000000000
195.800000000000
196
196.200000000000
196.400000000000
196.600000000000
196.800000000000
197
197.200000000000
197.400000000000
197.600000000000
197.800000000000
198
198.200000000000
198.400000000000
198.600000000000
198.800000000000
199
199.200000000000
199.400000000000
199.600000000000
199.800000000000
200
200.200000000000
200.400000000000
200.600000000000
200.800000000000
201
201.200000000000
201.400000000000
201.600000000000
201.800000000000
202
202.200000000000
202.400000000000
202.600000000000
202.800000000000
203
203.200000000000
203.400000000000
203.600000000000
203.800000000000
204
204.200000000000
204.400000000000
204.600000000000
204.800000000000
205
205.200000000000
205.400000000000
205.600000000000
205.800000000000
206
206.200000000000
206.400000000000
206.600000000000
206.800000000000
207
207.200000000000
207.400000000000
207.600000000000
207.800000000000
208
208.200000000000
208.400000000000
208.600000000000
208.800000000000
209
209.200000000000
209.400000000000
209.600000000000
209.800000000000
210
210.200000000000
210.400000000000
210.600000000000
210.800000000000
211
211.200000000000
211.400000000000
211.600000000000
211.800000000000
212
212.200000000000
212.400000000000
212.600000000000
212.800000000000
213
213.200000000000
213.400000000000
213.600000000000
213.800000000000
214
214.200000000000
214.400000000000
214.600000000000
214.800000000000
215
215.200000000000
215.400000000000
215.600000000000
215.800000000000
216
216.200000000000
216.400000000000
216.600000000000
216.800000000000
217
217.200000000000
217.400000000000
217.600000000000
217.800000000000
218
218.200000000000
218.400000000000
218.600000000000
218.800000000000
219
219.200000000000
219.400000000000
219.600000000000
219.800000000000
220
220.200000000000
220.400000000000
220.600000000000
220.800000000000
221
221.200000000000
221.400000000000
221.600000000000
221.800000000000
222
222.200000000000
222.400000000000
222.600000000000
222.800000000000
223
223.200000000000
223.400000000000
223.600000000000
223.800000000000
224
224.200000000000
224.400000000000
224.600000000000
224.800000000000
225
225.200000000000
225.400000000000
225.600000000000
225.800000000000
226
226.200000000000
226.400000000000
226.600000000000
226.800000000000
227
227.200000000000
227.400000000000
227.600000000000
227.800000000000
228
228.200000000000
228.400000000000
228.600000000000
228.800000000000
229
229.200000000000
229.400000000000
229.600000000000
229.800000000000
230
230.200000000000
230.400000000000
230.600000000000
230.800000000000
231
231.200000000000
231.400000000000
231.600000000000
231.800000000000
232
232.200000000000
232.400000000000
232.600000000000
232.800000000000
233
233.200000000000
233.400000000000
233.600000000000
233.800000000000
234
234.200000000000
234.400000000000
234.600000000000
234.800000000000
235
235.200000000000
235.400000000000
235.600000000000
235.800000000000
236
236.200000000000
236.400000000000
236.600000000000
236.800000000000
237
237.200000000000
237.400000000000
237.600000000000
237.800000000000
238
238.200000000000
238.400000000000
238.600000000000
238.800000000000
239
239.200000000000
239.400000000000
239.600000000000
239.800000000000
240